[ColorIntrinsic]
fx=359.080322
fy=359.080322
cx=320.866486
cy=180.011215
width=640
height=360
[ColorDistortion]
k1=-0.016810
k2=0.003336
k3=0.000000
k4=0.000000
k5=0.000000
k6=0.000000
p1=-0.000674
p2=-0.000603


[DepthIntrinsic]
fx=359.080322
fy=359.080322
cx=320.866486
cy=180.011215
width=640
height=360
[DepthDistortion]
k1=0.000000
k2=0.000000
k3=0.000000
k4=0.000000
k5=0.000000
k6=0.000000
p1=0.000000
p2=0.000000


[D2CTransformParam]
rot0=1.000000
rot1=0.000000
rot2=0.000000
rot3=0.000000
rot4=1.000000
rot5=0.000000
rot6=0.000000
rot7=0.000000
rot8=1.000000
trans0=0.000000
trans1=0.000000
trans2=0.000000
